1	100000
2	103207
3	107613
4	111487
5	113557
6	114861
7	116528
8	117371
9	118995
10	122965
11	124507
12	125529
13	126210
14	128290
15	129738
16	133554
17	138024
18	139149
19	140208
20	144026
21	147057
22	150649
23	153416
24	156358
25	157873
26	162004
27	163445
28	167282
29	168410
30	170456
31	173382
32	175344
33	178835
34	182585
35	184604
36	187771
37	188568
38	191864
39	193093
40	194412
41	195665
42	196089
43	199953
44	203610
45	207393
46	208303
47	210290
48	214555
49	215853
50	216905
51	217350
52	221073
53	221424
54	221657
55	223718
56	226293
57	227872
58	230100
59	232957
60	236692
61	241028
62	243135
63	243673
64	246409
65	247233
66	249271
67	253064
68	254592
69	258754
70	259000
71	259642
72	260948
73	265381
74	265853
75	266086
76	267720
77	268131
78	269633
79	274030
80	276616
81	278869
82	280174
83	281942
84	284994
85	286788
86	289114
87	292191
88	293143
89	294639
90	295097
91	299195
92	300813
93	304783
94	306384
95	310467
96	312773
97	313319
98	315080
99	315553
100	316126
101	316633
102	317197
103	320422
104	323175
105	323244
106	326333
107	328390
108	331507
109	335056
110	337359
111	338192
112	340267
113	342283
114	346169
115	347330
116	347685
117	350667
118	355155
119	357829
120	361683
121	364211
122	368025
123	371564
124	372755
125	373199
126	374824
127	378984
128	382684
129	384079
130	386308
131	386329
132	386893
133	390697
134	394554
135	394962
136	395414
137	395552
138	396290
139	399018
140	399836
141	400573
142	403414
143	405914
144	406002
145	407903
146	408466
147	410284
148	414688
149	416072
150	417545
151	419704
152	424190
153	428479
154	430534
155	431722
156	434673
157	438779
158	442793
159	443316
160	443590
161	444692
162	446362
163	446532
164	448572
165	450973
166	453068
167	455293
168	459420
169	462529
170	466321
171	470149
172	471633
173	472307
174	473995
175	476754
176	480148
177	481560
178	485048
179	488195
180	489166
181	491296
182	494527
183	495186
184	498671
185	500720
186	504211
187	505368
188	507491
189	510649
190	511969
191	514960
192	518702
193	519577
194	522441
195	522637
196	526488
197	530361
198	532545
199	534640
200	535925
201	539071
202	541900
203	541971
204	545840
205	546744
206	549635
207	550796
208	551453
209	552943
210	553328
211	556464
212	556631
213	558422
214	561459
215	562483
216	566538
217	571023
218	571802
219	573938
220	577764
221	581161
222	585120
223	585506
224	589958
225	591762
226	595122
227	597647
228	598458
229	602065
230	602836
231	603339
232	604982
233	608028
234	611001
235	612440
236	614408
237	617132
238	621050
239	623274
240	627535
241	631228
242	632254
243	634974
244	635888
245	635999
246	636660
247	637221
248	641470
249	644915
250	646712
251	650963
252	652931
253	655405
254	657808
255	660712
256	662342
257	663222
258	664776
259	665319
260	666307
261	667936
262	670339
263	672372
264	673089
265	675485
266	678671
267	679465
268	683785
269	684234
270	686512
271	688751
272	689549
273	693592
274	694100
275	697212
276	698625
277	699231
278	700370
279	701191
280	705562
281	706110
282	707760
283	709557
284	711837
285	713843
286	715925
287	718329
288	721354
289	725671
290	726135
291	729886
292	733164
293	736389
294	739959
295	740869
296	743527
297	746213
298	747885
299	748902
300	750614
301	751002
302	754172
303	757379
304	760850
305	765130
306	767921
307	771958
308	775356
309	779257
310	781518
311	784310
312	786781
313	787967
314	791925
315	793979
316	796755
317	798425
318	799111
319	801379
320	805169
321	807935
322	809616
323	811555
324	815509
325	818105
326	819964
327	821756
328	825126
329	827944
330	828434
331	830934
332	835195
333	836790
334	840485
335	844467
336	848052
337	850158
338	850470
339	851156
340	852979
341	856540
342	860865
343	861273
344	863479
345	866637
346	868824
347	869712
348	871978
349	875211
350	876893
351	880115
352	882248
353	883104
354	887419
355	888586
356	888978
357	892972
358	894634
359	896192
360	898265
361	901519
362	903091
363	906933
364	908611
365	912133
366	916070
367	916586
368	916975
369	920878
370	924864
371	925172
372	928626
373	930368
374	934367
375	935029
376	935568
377	939289
378	939350
379	941555
380	942683
381	946965
382	948738
383	949346
384	949557
385	952749
386	953920
387	955681
388	960177
389	963655
390	963974
391	965122
392	968118
393	970314
394	974530
395	978586
396	982525
397	984314
398	987235
399	989565
400	989894
401	991565
402	994771
403	997001
404	998680
405	999570
